      2.00       8.00
      1.00       2.00
      4.47      13.86
      6.00       3.00
      8.00       8.00
      4.00       6.00
      9.00      11.00
      1.00       6.00
      9.00       9.00
      1.00       7.00
      3.00       4.00
      8.50      13.42
     19.92      33.43
      4.00       6.00
      6.00       6.00
     16.00      16.00
      5.00       4.00
      5.37       8.50
      2.00       2.00
      9.00       7.00
      8.04      14.42
      9.60      17.87
      8.00      12.00
      9.00      11.00
      2.00       2.00
      3.00       3.00
      5.00      37.09
      6.00       6.00
     11.70     134.07
      2.00       2.00
      3.00       5.00
      0.84       9.13
      0.97      15.32
      8.00       9.00
      3.58      12.52
      6.00       6.00
      9.82      31.84
     19.45      68.10
      1.00       4.00
      2.23      76.72
     15.51      24.15
      6.08     100.62
      7.00       5.00
     13.04      22.56
      5.00       5.00
      5.00       5.00
      9.00      13.00
     12.00       9.00
     18.00      16.00
     13.93     154.75
      6.85      12.07
      2.00       7.00
     25.14      41.84
      3.00       4.00
      3.00       2.00
      2.00       2.00
      2.00       2.00
      3.00       5.00
      3.00       6.00
      2.00       2.00
     19.72      59.35
      2.00       3.00
      2.00       2.00
      3.00       6.00
      4.24       4.95
      2.00       8.00
     20.61      47.44
      1.41      10.61
      7.00      11.00
      8.60      10.26
      2.12      12.02
      8.00       8.00
      0.45       8.94
      6.00      11.00
      3.00       3.00
      4.00       7.00
      3.00       2.00
      2.00       5.00
      9.25      12.08
      3.00       7.00
      4.00       4.00
      7.59      12.65
      4.00      10.00
      5.00       3.00
      2.22      16.93
      6.00       6.00
     10.29      22.36
     10.00       6.00
     10.00      10.00
     16.00      19.00
      2.00       3.00
      6.00       7.00
      7.00       5.00
      0.99      18.45
      7.00       7.00
     28.87      61.71
      2.23      15.04
      4.00       5.00
      2.00       2.00
     17.00      15.00
      5.00       6.00
      8.00      12.00
      3.00       3.00
      7.00      10.00
      8.00       8.00
      2.00       3.00
      3.00       5.00
      5.00       6.00
      0.45       8.05
      2.00       3.00
      0.95     115.41
      6.00       4.00
      1.00      13.13
      2.00       2.00
      5.57      11.70
      3.00       3.00
      3.00       3.00
      7.00       5.00
      9.00       9.00
     23.19      21.66
      0.92      16.15
      5.00       5.00
      2.00       3.00
      5.00       5.00
     17.69      35.93
     19.00      29.00
      0.71       5.66
      4.00      12.00
      8.00       8.00
      7.00       7.00
      0.84      11.06
      2.00       2.00
     19.91      33.19
     11.18      32.88
      4.00       6.00
     10.00       8.00
      4.00       2.00
      4.00       4.00
      3.00       2.00
      9.00      10.00
      5.38      37.79
      8.92      20.24
      2.13      13.45
      1.00       4.00
     12.02      14.14
      3.00       8.00
     11.39      14.17
      8.00       8.00
      8.00       5.00
      4.00       4.00
      4.44      13.87
      4.00       6.00
      3.00       5.00
      2.00       2.00
      3.00       3.00
      8.00      11.00
      3.00       5.00
      3.00       4.00
     13.00       8.00
      5.00       4.00
      7.00       7.00
      5.00       6.00
     18.00      15.00
      7.97      14.70
      2.00       2.00
      1.00      40.08
      7.95      14.58
      4.00       5.00
      6.00       6.00
      6.00       6.00
      3.00       4.00
     11.83      51.22
      6.36      13.44
      2.00       2.00
      3.00       3.00
      3.00       2.00
      4.09      14.86
      6.00       5.00
     15.00       8.00
     11.00       8.00
      2.00       2.00
      3.00       3.00
      8.00       7.00
     13.00      10.00
     27.00      20.00
     10.00       8.00
      6.00       6.00
      0.82     167.90
      1.00       5.00
     11.00      12.00
      1.00      11.16
     12.00      13.00
      9.00      10.00
      0.89      10.73
      5.00       7.00
      3.00       5.00
      6.00       6.00
      3.00       4.00
      3.00       5.00
      2.00       2.00
      6.00       7.00
      2.00       2.00
      7.00       5.00
      3.00       2.00
      6.00       6.00
     40.02      74.23
      3.00       3.00
      6.00       6.00
     11.00      17.00
      2.00       2.00
     11.18      31.62
      2.00       2.00
      2.00       2.00
     19.00      20.00
      4.00       5.00
      8.00       9.00
     17.59     134.48
      6.00       8.00
      2.00       2.00
      0.91      20.90
      2.00       3.00
      1.00       5.00
     15.00      19.00
      6.00       8.00
      4.12      81.24
      5.00       7.00
     20.12      29.96
      8.00      11.00
     16.00      16.00
     12.00      12.00
      7.28      79.56
      6.00       7.00
      6.00       7.00
     15.00      19.00
     19.09      32.53
     23.33      55.77
      6.00      12.00
      4.00       4.00
     21.53      68.33
     20.00      23.00
     13.00      15.00
      3.58      91.70
      3.00       2.00
      1.00       4.00
      2.00       2.00
      2.00       2.00
      2.00       3.00
     12.00      15.00
      4.00      10.00
      9.00       7.00
      3.00       7.00
      9.04     122.98
      0.61      52.80
      1.00       5.00
      9.00      12.00
      2.83      13.44
      9.00       9.00
      8.00       8.00
     12.00      13.00
      5.00       3.00
      8.00       4.00
      9.00       9.00
      3.00       2.00
      8.00       8.00
      3.00       5.00
      0.67      19.17
      3.00       2.00
      5.00       5.00
     10.29      13.86
      7.00       7.00
      6.00       6.00
      5.00       4.00
      2.00       4.00
      2.00       2.00
     12.43      22.40
      4.00       4.00
      4.00       4.00
      2.00       2.00
      2.00       2.00
     13.78      83.83
      6.00       6.00
      2.00       2.00
     12.36      22.41
     17.00      18.00
     30.00      26.00
      5.00       5.00
     12.00      13.00
      7.07      91.50
     29.98      42.63
     10.44      34.20
     18.00      24.00
      7.00      13.00
     13.78      17.70
      7.00      13.00
      5.00       4.00
     15.00      22.00
      9.00       8.00
      2.00       2.00
      2.00       2.00
     19.09      29.70
     14.00      19.00
      0.48      27.20
      3.00       4.00
     12.00       8.00
      4.00       2.00
      3.00       8.00
      1.00       2.00
     14.53      92.69
      0.99      21.98
     11.31      14.14
      2.24      10.73
      8.00      10.00
     10.00      12.00
      3.13      11.18
      3.00       5.00
      6.00       5.00
      5.00       2.00
      2.00       3.00
     14.00       7.00
      5.00       4.00
      4.53      11.46
      1.00       6.00
      0.93      20.77
      7.00       6.00
      3.00       8.00
      2.00       3.00
      8.92      13.55
      2.00       3.00
      5.00       6.00
      3.00       4.00
      9.00       8.00
      9.82      24.27
      5.00       4.00
      8.00      12.00
      4.00       4.00
      7.00       7.00
      6.00       6.00
     16.16      32.22
      8.00       5.00
      2.00       3.00
      3.00       3.00
     16.94      25.54
     15.00       9.00
     17.00      19.00
     15.79      51.22
     22.00      19.00
     11.00       9.00
     16.00      18.00
     23.00      21.00
     10.03     109.00
      3.00       8.00
      1.00       4.00
      1.00       2.00
      0.57      11.39
     11.31      14.14
      8.49       9.90
      8.00       8.00
     12.00      13.00
      5.00       6.00
      8.00       3.00
      9.00       8.00
      8.00       8.00
      1.00       7.00
      5.00       5.00
      1.00      10.00
     10.00       8.00
     12.00       8.00
      0.31      20.80
      7.00       7.00
      7.00       6.00
      6.00      13.00
      0.98       9.41
      7.78       9.19
      3.00       2.00
     14.00      12.00
      4.12      27.07
      2.00       3.00
      8.00       6.00
      6.71      14.76
      4.00       4.00
      4.24      96.22
      6.00       6.00
     16.00      10.00
      5.00       6.00
     11.33      17.83
      6.00       8.00
      2.00       4.00
      6.00       5.00
      1.00       2.00
      3.00       6.00
     43.78      62.81
     23.70      60.72
      3.00       4.00
     41.02      77.86
     12.92      18.76
     29.81      38.05
      6.00       5.00
      2.00       3.00
     18.34      38.46
      9.39      16.10
     10.44      22.70
      6.00       3.00
      8.00      11.00
     15.23      91.96
      1.00       9.00
      3.00       4.00
     14.00      13.00
     13.00       9.00
      7.00      12.00
      1.00       7.00
      1.00       2.00
      1.00       2.00
      5.00       8.00
      2.00       6.00
      9.00       9.00
     12.00      11.00
      6.00       5.00
      9.00      11.00
      9.00       9.00
      5.00       4.00
      3.00       5.00
      8.00       7.00
      4.00       5.00
      0.67      13.24
      2.00       4.00
      7.00       7.00
      3.09      17.32
      6.00       6.00
      9.43      21.63
      7.00       8.00
     10.06      15.80
      3.00       8.00
      8.00       7.00
      5.00       5.00
     11.00       9.00
     15.02      54.08
     10.73      14.31
      0.48      21.95
     10.89      16.23
      8.00       8.00
      3.00       5.00
      2.00       2.00
      7.00       7.00
      3.00       5.00
      0.66      10.63
      0.71      15.56
     12.00      11.00
      3.00       3.00
      9.00       7.00
      2.00       2.00
      6.00       6.00
     23.34      69.42
      7.00       7.00
      1.00       2.00
      6.36       7.07
      9.84      14.31
      9.00       9.00
      8.00       8.00
      8.00       8.00
      6.00       9.00
      4.00       7.00
      3.00       2.00
      4.00       7.00
      2.00       2.00
      3.00       4.00
      3.00       3.00
      3.54      14.85
      6.00       6.00
     20.00      16.00
      2.00       3.00
      3.00       4.00
      4.00       3.00
      9.90      14.14
      5.66      15.56
     13.00      14.00
      7.00       6.00
      2.00       2.00
     10.00      12.00
      2.00       2.00
      2.00       2.00
      5.00       5.00
      8.00       4.00
      9.00       6.00
     10.00       9.00
      7.00       4.00
      7.00      15.00
     11.74      39.35
     13.00       9.00
      4.00       7.00
      9.00      10.00
      2.21      13.03
      1.00      10.00
      3.00       4.00
      0.95      25.61
      2.00       3.00
      6.00       5.00
      3.00       4.00
     11.14      14.91
      5.00       5.00
      0.97      13.90
      3.00       3.00
      0.80       9.20
      2.00       2.00
     11.00       8.00
     11.00      12.00
     10.37      15.59
      9.00       9.00
      3.00       5.00
      6.00       6.00
     10.51      23.80
      9.00      11.00
      3.00       3.00
      4.00       3.00
      7.07      66.15
     12.74      61.82
      2.00      10.00
      2.00       7.00
      5.46      11.78
      9.00       9.00
      1.41      14.82
      9.00      11.00
      9.00       8.00
      0.92      26.28
      8.00       8.00
      3.00       2.00
      0.99      25.31
      7.00       6.00
      4.00       5.00
      7.00       9.00
      9.00       9.00
      8.00       7.00
     12.00      16.00
     11.00      15.00
     27.00      26.00
     22.34      50.86
      9.00      10.00
     15.00      20.00
      7.00       8.00
     21.38      39.98
      4.00       4.00
      1.00       4.00
      9.00      10.00
      0.93      18.86
      7.00      10.00
      7.00       8.00
      2.00       2.00
      3.16      25.08
      2.00       3.00
      0.35      22.36
      3.00       4.00
     11.00      11.00
      0.88      11.26
      6.00       2.00
      9.00       9.00
     13.00       8.00
      6.06      27.40
     10.00      17.00
      9.00       7.00
      3.00       2.00
      1.00       4.00
      9.00      10.00
     16.00      10.00
     10.00      12.00
      0.89      11.18
      2.00       3.00
     12.02      25.46
      0.97      20.84
      2.00       2.00
      2.00       3.00
      2.00       2.00
      3.00       2.00
      0.88      10.29
      3.00      13.00
     11.00       9.00
      4.00       4.00
      3.00       4.00
      7.07      27.29
      8.00      12.00
      8.00      10.00
      9.00       9.00
     13.00       8.00
      3.00       2.00
     11.00      11.00
      9.00      11.00
     11.00      10.00
      7.00       8.00
      5.00      11.00
      7.25      25.08
      0.82       8.60
      2.00       4.00
     13.00      12.00
     11.87      81.27
     11.00      11.00
      4.00      10.00
      2.00       2.00
     10.00      19.99
      2.00       3.00
      7.00       8.00
     11.00       7.00
      3.00       2.00
      2.00       2.00
      5.08      39.86
      1.41      16.97
      6.00       3.00
      3.00       5.00
      5.00       6.00
      3.00       3.00
     51.45     199.92
      2.00       8.00
     10.21      12.07
      8.00       7.00
     10.61      14.85
      5.00       8.00
      2.00      13.00
      4.00       3.00
      2.00       2.00
      2.00       4.00
      6.00       7.00
      0.94      18.61
      7.00       8.00
      2.00       2.00
      1.00       2.00
      5.00       6.00
     13.00      15.00
      0.95      14.82
      7.00       7.00
      4.00       5.00
      3.00       2.00
      8.00       7.00
     12.99      43.78
      7.00       6.00
      9.18      40.24
      3.00       4.00
      1.26      17.73
     10.00       6.00
     25.97      65.22
      4.24      18.38
      9.85      34.54
      4.00      14.00
      2.00       7.00
      1.00       5.00
     17.00      13.00
      4.00       6.00
      1.00       5.00
      9.00      12.00
      2.00       2.00
      2.00       3.00
      0.94      23.06
      4.00       4.00
      2.23      19.45
      7.00       7.00
      2.00       4.00
     19.00      18.00
     10.00       8.00
     10.00       7.00
      0.88      27.37
     11.00      11.00
     10.00       9.00
      8.00       8.00
      6.00       6.00
     10.00      12.00
      2.00       2.00
     20.26      45.67
      7.00      11.00
      8.22      61.98
      1.00       3.00
      6.00       1.00
     12.65      77.79
      8.00       8.00
      9.00       8.00
      0.98       9.82
     10.00       9.00
      0.84      26.88
      1.00       5.00
      8.00       9.00
      9.00      10.00
      5.00       6.00
      0.91      24.58
      4.00       4.00
      2.00       2.00
      4.00       4.00
      2.00       2.00
      2.00       2.00
      1.22      24.46
      7.19      20.17
      4.00       6.00
     11.00      11.00
      7.00       8.00
      9.00       9.00
      5.00       5.00
     11.00       8.00
      0.95      18.97
      2.12      10.61
      3.00       3.00
      7.28       9.10
      2.00       2.00
      4.00       4.00
      2.00       2.00
      2.00       3.00
      8.95       9.49
      6.66      14.42
     10.00      13.00
      3.00       6.00
      5.00       6.00
      5.00       6.00
      2.00       3.00
      1.00       7.00
     11.00       9.00
      5.00       7.00
      9.00      12.00
      0.88      14.41
      4.00       4.00
      2.00       2.00
      0.96      24.92
      2.16      10.71
      8.00       4.00
      3.00       4.00
      0.55      28.29
      7.00       8.00
      0.85      15.68
      5.00       4.00
      3.00       4.00
     11.02      16.95
      2.00       2.00
     11.00       7.00
      0.83       6.93
      8.00       7.00
      7.00       7.00
      7.00      10.00
     17.54     136.38
     13.04      22.19
      9.00       7.00
     13.00      15.00
      9.00       5.00
     15.54      32.62
      7.00       8.00
      7.07      31.69
      2.00       3.00
      1.00       3.00
      1.00       2.00
      8.00      10.00
      9.00      10.00
      1.00       8.00
      3.00       3.00
      7.06      22.16
      4.00       4.00
      4.00       3.00
      0.67      12.11
      2.00       2.00
      0.99       9.55
      2.00       2.00
      5.00       3.00
      6.00       5.00
      2.00       2.00
      2.00       2.00
      6.00       5.00
      2.00       2.00
     11.00      11.00
      8.00      12.00
      9.00       9.00
      4.00       5.00
     10.00       8.00
      9.00       9.00
      9.00      10.00
      5.00       5.00
      3.00       6.00
      0.98      16.53
      4.00       5.00
      3.00       2.00
      7.00       7.00
      4.00       4.00
     13.00      13.00
      9.00      10.00
      2.00       3.00
      6.00       7.00
      8.00      10.00
     13.00      13.00
      3.00       4.00
      0.93      24.35
      3.00       2.00
      5.00       5.00
      0.89      11.63
      7.00       7.00
      5.00       5.00
      0.45       8.94
      9.00      11.00
      7.00      10.00
      5.00       3.00
      3.00       2.00
      2.00       2.00
     11.00      12.00
      4.00       9.00
     10.00       9.00
     12.00       8.00
      5.00       5.00
     18.00       7.00
      3.00       2.00
      9.00       7.00
      3.54      14.85
      0.96      14.56
      3.00      14.00
      0.93      22.82
      3.60      37.91
     10.00      10.00
      5.66      12.73
     11.31      14.85
      6.00       6.00
      1.00       5.00
      3.00       2.00
      3.14      31.65
      9.00       9.00
      2.81      12.81
     11.63     102.33
      2.00       3.00
     10.00       6.00
      4.00       6.00
      6.00       7.00
     11.99     118.24
      6.00      14.00
     26.63      34.11
      0.70      26.88
     36.06      40.31
      1.40      12.20
      4.00       6.00
      2.00       2.00
      6.00       6.00
      2.00       2.00
      0.89      13.42
      1.00      27.15
      3.00       5.00
      6.00      29.29
      2.00       3.00
      7.57       8.72
      4.00       4.00
      2.00       2.00
      2.00       3.00
     12.17      31.04
      3.00       5.00
      0.45       8.94
      0.99     106.81
      0.92      39.00
      2.00       2.00
     25.29      89.34
     29.94      65.77
      3.00       4.00
     25.30      50.28
     16.18      48.06
      4.00       5.00
      5.00       6.00
      3.00       2.00
      4.00       4.00
      0.47      11.18
      3.00       3.00
      1.00      20.00
      1.00       2.00
      1.00       2.00
      2.00       3.00
      2.00       3.00
      3.00       9.00
      2.00       7.00
      0.16      15.77
      9.00      11.00
     12.00      11.00
     12.00      10.00
      7.00       5.00
      7.00       8.00
      6.00       7.00
      4.00       3.00
      6.00       8.00
      2.00       2.00
      5.81       8.50
     10.00       8.00
      3.00       3.00
      5.00       2.00
      2.00       3.00
      1.41      14.72
      4.00       6.00
      2.00       2.00
      4.00       3.00
      4.00       4.00
      7.20      19.04
      5.00       8.00
      2.00       3.00
      3.00       2.00
      1.00       4.00
     16.00      12.00
      2.00       2.00
      2.97      16.40
      9.00       9.00
      6.00       4.00
     25.18      47.00
      2.00       2.00
      2.00       2.00
     11.00      11.00
     19.00      18.00
     13.00      11.00
      3.00       1.00
      0.99      44.74
      3.00       3.00
     13.00      16.00
      8.00      10.00
      9.00       9.00
      5.00       7.00
     13.00      16.00
      7.00       7.00
     21.63      61.17
      2.00       3.00
      4.00       4.00
      3.00       5.00
      4.00       4.00
     13.00      13.00
      3.98      17.65
      8.00       7.00
      8.00       8.00
     10.00      11.00
      1.00       9.00
      6.00       7.00
      3.00       2.00
      4.00       4.00
      2.00       6.00
      2.00       2.00
     10.00      12.00
      2.00       2.00
      2.00       3.00
     20.89      34.65
      9.00       7.00
      0.45      12.97
      7.00       8.00
      3.00       4.00
      2.00      10.00
      4.00       8.00
      2.00       9.00
      4.00       2.00
      9.00       9.00
      4.00       5.00
     11.31      12.73
     12.00      11.00
      4.00       3.00
      5.00       5.00
      1.00       7.00
      2.00       4.00
      2.00       2.00
      6.00       4.00
      2.21      20.81
      8.00       8.00
      6.00       8.00
      4.00       2.00
      0.99       8.95
      4.00       5.00
      2.71      16.52
     11.00      11.00
      9.00       9.00
      3.00       3.00
      7.99     123.35
      3.00       6.00
      7.00       8.00
     14.57      57.61
      8.00       8.00
     10.00      11.00
     13.00      12.00
      8.00       6.00
     30.26      36.35
     10.00      18.00
      0.71      10.61
      3.00       8.00
      2.21      17.77
     10.00      10.00
     12.00       9.00
     11.00      10.00
      2.00       2.00
      6.00       5.00
      3.00       4.00
      5.00       5.00
     13.99      46.19
     10.15      11.11
     17.00      16.00
      2.00       4.00
      1.00      10.00
      6.32      19.61
      6.00       7.00
      3.00       4.00
     11.00      12.00
     22.47      52.91
      0.45       8.94
      7.00       8.00
      7.00       9.00
      6.00       4.00
      5.38      39.08
     14.00       9.00
      5.00       5.00
      5.00       3.00
      7.00       7.00
      3.00       2.00
     12.00      12.00
      9.00      10.00
      3.00       2.00
      1.00       5.00
      5.00       3.00
      2.00       6.00
      2.00       2.00
      2.00       3.00
     17.00      10.00
      7.00       9.00
      7.00      11.00
      7.78       8.49
     12.00       8.00
      4.00       8.00
      4.00       4.00
      2.00       4.00
      1.00       4.00
      3.00       3.00
      3.61      11.09
      9.00      10.00
      0.99       6.66
     12.00      10.00
      7.00       7.00
      7.00       5.00
      3.00       4.00
      2.00       4.00
      5.00       7.00
      5.00       4.00
      8.32      12.20
      5.00       4.00
      4.22      24.57
      2.00       2.00
      3.00       3.00
      9.00       6.00
      6.00       2.00
      3.14      26.88
     10.00      11.00
      2.00       2.00
      0.90      21.10
     11.18      31.48
      6.00       7.00
      6.00       6.00
      5.00       5.00
     10.20      40.92
      7.27     105.61
      5.00       4.00
      1.34       9.84
      8.00      15.00
     11.00       6.00
     25.49      33.09
     21.02      32.65
     11.00       9.00
      3.00       3.00
      0.31      10.74
      2.00       2.00
      7.00       7.00
      6.00       7.00
      0.86      23.16
      3.00       6.00
      3.00       2.00
      3.00       4.00
      2.00       2.00
      4.12      38.07
      2.00       2.00
      7.00       7.00
      5.00       5.00
      4.00       4.00
      7.00       9.00
      9.00       7.00
      1.00       2.00
      1.00       3.00
      2.00       3.00
      2.00       6.00
      9.00      10.00
      8.00       9.00
      0.92      14.71
      6.00       6.00
      1.00       3.00
      1.00      26.36
      5.00       5.00
      3.00       3.00
      0.78      22.35
      8.00       7.00
      2.00       3.00
      0.96       9.48
     17.18      21.33
     10.00       7.00
      5.00       4.00
      4.00       2.00
      2.00       2.00
      3.00       4.00
      1.00      39.43
      3.00      16.00
      7.00       6.00
      2.00       3.00
     17.00      18.00
      4.00       6.00
      6.00       7.00
      2.00       3.00
     11.26      49.76
      8.00       8.00
      6.00       3.00
      5.00       5.00
      2.00       1.00
      2.19      27.39
     22.80      34.61
     17.00      18.00
      9.00      17.00
     32.06      65.88
      2.00       1.00
      8.00      10.00
      7.00       8.00
      2.00       2.00
     24.33      49.00
      7.00       7.00
      8.94      31.34
     11.87      65.94
      2.00       4.00
      2.00       3.00
      6.00       4.00
      3.00       7.00
      3.00       4.00
      0.83      10.26
      2.00       2.00
      5.00       8.00
      3.00       2.00
      3.00       4.00
      3.00       2.00
      8.00       9.00
     12.00       5.00
      3.00       3.00
      5.00       4.00
     12.09      15.55
      2.00       6.00
     10.00      11.00
      8.00       8.00
     12.65      16.44
      8.00       9.00
      6.00       4.00
      0.81      17.05
      5.00       4.00
      6.00       7.00
      9.28      12.07
      1.00       3.00
      7.00       8.00
      0.83      11.09
      3.00       2.00
      2.00       2.00
      0.89      14.76
      3.00       3.00
      1.00       7.00
      3.00       4.00
     17.44      18.34
      2.00       3.00
      5.00       4.00
      3.00       3.00
      3.00       3.00
      2.00       3.00
      2.00       3.00
      3.00      17.00
      9.00       9.00
      8.00       8.00
      2.00       2.00
      8.00       8.00
      5.00       4.00
     15.00      17.00
      4.00       4.00
      6.00       5.00
      8.00       9.00
     10.00      10.00
      1.00       3.00
      7.00       7.00
      1.00       7.00
      7.00       8.00
      4.00      30.06
      3.00       4.00
      2.00       2.00
      2.00       2.00
      9.00       9.00
      3.00       3.00
      3.00       5.00
      8.94      27.73
     17.00       8.00
     10.00       4.00
      2.00       3.00
      2.00       7.00
      2.00       2.00
      2.00       3.00
      2.00       2.00
      4.00       3.00
      2.00       1.00
      3.00       3.00
      9.00       5.00
      6.70      39.30
      1.00       3.00
      5.00       6.00
      6.00       4.00
     12.73      58.69
      9.00       9.00
      2.00       3.00
      6.00       9.00
      4.00       5.00
      2.00       2.00
      2.00       4.00
      3.00       3.00
      4.00       5.00
      5.00       5.00
      2.00       2.00
     14.00      10.00
      7.14      10.21
      2.00       2.00
      2.00       3.00
      8.00      11.00
      5.00       6.00
      3.00       6.00
      3.00       5.00
      2.00       2.00
      6.00       2.00
      9.00       9.00
      9.00       8.00
      5.00       8.00
      3.00       9.00
      2.17      20.72
      4.00       7.00
      0.72      12.78
     10.00       9.00
      9.00      10.00
      7.00       7.00
      6.32      16.12
      1.00       6.00
      5.00       4.00
      3.00       3.00
      0.94      12.64
      2.00      13.00
      6.00       9.00
      2.00       3.00
      4.00       5.00
      0.86       9.43
      2.00       2.00
      2.00       2.00
      0.48       9.90
      4.00       5.00
     13.56      24.76
      2.00       3.00
      9.00      11.00
     12.64      29.37
      9.00       9.00
      4.00       3.00
      5.05      36.06
      3.00       4.00
     24.35     130.26
      7.00       7.00
      6.98      36.27
     15.26      74.71
      5.00       6.00
      4.00       5.00
     18.30      29.06
     11.00      15.00
     12.00      12.00
      3.00       3.00
      5.00       5.00
     10.16      76.02
      4.00       7.00
      6.00       6.00
      1.00       3.00
      3.00      11.00
      2.00       9.00
      9.00       9.00
     11.00       9.00
     12.13      15.61
      4.00       3.00
     12.00      11.00
      4.00       2.00
      6.00       7.00
      1.00      16.38
      6.00       4.00
      5.00       4.00
      3.00       2.00
      7.00       8.00
      0.92      15.10
      7.00       6.00
     12.00      10.00
      3.00       7.00
     28.23      33.80
      4.00       3.00
      2.00       2.00
      2.00       7.00
     10.00       8.00
      2.00       4.00
     11.00      12.00
      3.00      16.00
      9.00       9.00
     16.00      16.00
     11.98      87.88
      0.97      21.12
     12.00      17.00
     13.00      14.00
     24.57      33.01
      2.00       4.00
      2.00       2.00
      9.02      23.31
     10.00      12.00
     31.16      34.02
      3.00       2.00
     16.55      28.62
     13.00       7.00
      5.00       5.00
      4.00       3.00
      1.00       7.00
      1.00       6.00
      5.00      11.00
      3.20      11.02
      2.00       6.00
      6.36      14.14
      3.00       3.00
      2.00       2.00
      6.00       3.00
      0.95      13.91
     12.00      12.00
      2.00       2.00
     11.18      12.97
     12.00       8.00
      4.00       3.00
      8.00       9.00
      7.00       3.00
      3.00       2.00
      2.00       4.00
      5.00       3.00
      0.91      13.41
      6.00       6.00
      1.41      10.63
      8.00      10.00
      2.00       2.00
      2.00       2.00
      7.00       7.00
      2.00       3.00
      2.00       2.00
      7.00       2.00
      0.89       7.16
      3.00       3.00
      7.21      11.09
      3.97      21.34
      2.18     121.75
     13.00      16.00
      2.00       2.00
     12.00       5.00
      3.00       3.00
      3.00       3.00
     11.00       3.00
     11.00      13.00
     11.00       3.00
      2.00       2.00
      2.82      11.92
     11.00      11.00
      9.00       9.00
      5.00       5.00
      6.00       6.00
     10.00       9.00
      7.00       6.00
      8.00      15.00
      9.00       6.00
      4.00       4.00
     13.00      14.00
      3.00       5.00
      1.00       7.00
      3.00       6.00
      2.00       7.00
      9.00      10.00
     12.77      18.82
     10.00      10.00
     11.00      12.00
     13.00      11.00
      4.00       6.00
      0.45       7.60
      2.00       4.00
      6.00       6.00
      7.00       8.00
      0.87       7.32
      2.17      18.55
      4.00       4.00
      4.95       5.66
      3.00       3.00
      3.00       6.00
      5.00       4.00
      3.00      29.00
      7.00       7.00
     11.00      12.00
      1.00       3.00
      2.00       2.00
     15.61      36.36
     17.72      30.75
      5.00       6.00
      9.00      10.00
      9.00       5.00
      7.00       5.00
     10.02      37.01
      3.00       3.00
      5.00      10.00
      7.00      11.00
      6.00       5.00
      7.00       7.00
      3.00       8.00
      1.00       5.00
      1.34      12.97
      8.00       9.00
      8.50      10.73
      2.00       2.00
      6.38      15.81
     13.00      10.00
     10.00      11.00
      9.00       8.00
      0.77       7.81
      7.00       5.00
      2.00       5.00
      6.00      11.00
      3.60      21.62
      2.00       2.00
      3.00       6.00
      6.00       2.00
      6.00       6.00
      8.00      12.00
      5.10      16.87
      9.00       9.00
     10.73      19.68
      3.16      17.05
      5.00       7.00
      2.00       2.00
      4.00       6.00
     10.00       5.00
      2.17      61.82
      4.00       1.00
      4.00       5.00
      2.17      83.90
      3.00       9.00
      1.22      15.30
      8.00       7.00
      6.36      10.61
     14.00      12.00
      3.00       4.00
     11.93      14.98
      1.96      10.00
      6.00       8.00
      4.00       5.00
      1.39       9.15
      2.00       2.00
     12.53      21.99
      7.00       8.00
      2.00       2.00
      7.00       6.00
      1.00      17.19
      2.00       2.00
      7.26      35.97
      4.00       5.00
      3.58      87.61
      9.00      11.00
      2.00       4.00
      3.00       3.00
      3.00       3.00
     12.27      31.57
     11.40      40.80
     12.64      38.32
      6.65      42.15
      3.00       9.00
      1.00       4.00
      9.00      11.00
      6.00       8.00
      9.00      10.00
      2.00       3.00
     12.00      11.00
     11.00      10.00
      0.97       9.36
      6.00       5.00
      1.41       9.08
      3.00       6.00
      3.00       2.00
      2.00       3.00
      2.00       2.00
     11.93      22.45
      2.00       2.00
      4.24      18.43
      5.00       8.00
      6.00       5.00
      7.00       6.00
     11.00      13.00
      5.09      26.71
      5.61      35.49
     11.00      53.09
      4.97      32.64
      2.00       2.00
      2.00       2.00
      1.36      19.85
     26.25      59.53
      2.00       3.00
      5.00       5.00
     23.35      54.65
      6.00       6.00
      3.00       2.00
      8.00       9.00
      4.00       4.00
      5.00       4.00
      2.00       3.00
      3.61      17.18
      9.39      12.07
     21.38      39.03
      7.78      12.73
      5.00       7.00
      9.00       9.00
      2.00       3.00
      9.00       9.00
      5.66      14.14
      1.00       8.47
      3.00       2.00
      4.00       5.00
     22.58      13.90
      2.00       3.00
      7.00       8.00
      0.63      17.80
     16.00      18.00
      2.00       4.00
     16.00      15.00
      2.00       3.00
      2.00       2.00
      2.00      26.12
     10.00      11.00
      3.00       9.00
      1.00       3.00
     21.73      36.11
      8.00       9.00
      5.00       2.00
     20.20      33.53
      4.10      23.16
      7.00       8.00
      3.00       3.00
      0.79      14.83
      2.00       3.00
      2.00       2.00
      0.99      15.99
      2.00       3.00
     20.00      29.00
     12.02      17.68
      3.00       4.00
      8.54      32.46
      8.00       8.00
      3.00       8.00
      3.00       4.00
     11.93      17.75
      3.00       2.00
      9.00      10.00
     17.53      22.99
      6.00       8.00
      7.20      25.38
      0.83      16.37
      2.00       3.00
      2.00       2.00
      4.00       2.00
      2.00       3.00
      2.00       3.00
      7.46      12.53
      4.00       3.00
      3.16      24.84
     12.00      10.00
     10.00      12.00
      9.00       8.00
     11.88      15.58
      3.00       4.00
      2.00       4.00
      2.00       5.00
     10.77      26.91
      5.00       7.00
      5.00       3.00
      5.75      17.25
     12.81      21.18
      2.00       2.00
      3.00       2.00
      8.24      11.95
      2.00       3.00
      6.00       7.00
      5.00       8.00
     10.00      11.00
      2.12      13.44
     17.26      69.45
      3.00       6.00
      3.00       4.00
      3.00       3.00
      3.00       4.00
      9.90      19.09
     17.00      16.00
      3.00       3.00
     26.27      93.55
     10.00       9.00
      5.00       4.00
     12.19      24.62
      4.00       5.00
      8.00       9.00
      3.00       3.00
      9.00      10.00
      2.00       7.00
      6.96      17.86
      1.00       5.00
     19.00      25.00
      0.97      29.12
      6.00       7.00
      6.00       6.00
     10.00      10.00
      8.00       7.00
      4.00       4.00
      4.00       3.00
      2.00       2.00
      0.94      22.80
     21.63      34.08
      6.00       9.00
     14.00      18.00
     18.00      15.00
      5.00       3.00
      3.00       5.00
      0.97      25.75
     27.52      46.13
      9.00       8.00
     12.00       6.00
     10.00       9.00
      3.00       6.00
      4.00       7.00
      5.00       6.00
     15.00      18.00
      3.00       7.00
      0.80      33.60
      7.00       8.00
      0.71       8.49
      4.00       4.00
      2.00       2.00
      1.41       7.78
     10.00      21.00
      3.61      11.09
      7.00       7.00
      0.83       8.88
     24.00      27.00
      0.71       6.36
      4.00       5.00
      7.00       7.00
      0.71       7.07
      0.67      28.99
      8.00       7.00
      5.00       5.00
      1.00      20.32
      2.00       3.00
      9.84      16.61
      8.00       7.00
      0.99      25.68
      2.00       2.00
      1.00       6.00
     13.44      23.33
      7.81      24.08
      8.00       4.00
      2.00       2.00
     10.79      13.42
      5.00       5.00
      2.00       2.00
      6.00       5.00
      5.00       5.00
      1.00       4.00
      3.00       3.00
      2.00       2.00
      2.00       2.00
      9.00      10.00
     21.00      21.00
      8.61      10.77
      7.00       8.00
      4.00       5.00
      0.56      29.68
      2.22       9.71
      2.00       2.00
      3.00       4.00
     11.00      14.00
      3.13      12.07
      2.00       2.00
     10.61      22.63
      4.00       5.00
      1.40      23.38
      2.12      17.68
      7.00       7.00
      7.00       7.00
     16.00      18.00
      7.00       8.00
      6.00       4.00
      7.00       2.00
      9.00      10.00
      2.00       2.00
      2.12      13.44
      2.00       3.00
      3.00       1.00
     15.00      16.00
      9.00       9.00
      0.99      48.81
     16.00      12.00
      4.00       5.00
      8.00      10.00
     28.00      27.00
     12.94      23.38
      9.06      16.93
      5.00       5.00
      0.33      16.14
      2.00       2.00
      2.00       2.00
      3.60      19.56
     13.00       8.00
      3.00       3.00
      6.00       5.00
      3.00       6.00
      4.00       5.00
      2.00       2.00
      2.00       3.00
      3.00       3.00
      3.00       3.00
     14.04      17.21
      9.21      32.76
      3.00       2.00
      0.85      12.05
     12.04      65.66
      3.00       4.00
      2.00       2.00
      2.00       2.00
     10.00       4.00
      6.38       8.60
      2.00       2.00
      0.89      19.72
      3.00       2.00
      4.00      11.00
      3.00       8.00
     11.14      15.24
      0.71       7.78
      0.83      11.38
      2.00       3.00
     12.00      10.00
      8.00       6.00
     11.44      14.72
      5.00       3.00
      8.00       7.00
      0.84       7.45
      2.00       2.00
      3.00       2.00
      2.00       2.00
     15.77      22.81
      2.00       2.00
      4.00       4.00
     15.53      19.14
      7.00       8.00
      0.97      22.52
      9.00       7.00
     11.00      11.00
      2.00       3.00
      7.07      50.48
      6.00       6.00
      7.00       7.00
      4.00       4.00
      5.00       5.00
      2.00       2.00
     12.00      16.00
      2.00       3.00
     11.00       9.00
      8.00       7.00
      5.00       5.00
      5.00       4.00
      2.00       8.00
      1.00       4.00
      2.24      15.65
      5.00      12.95
      4.00       4.00
      0.80      13.19
      5.00      11.00
      3.00       4.00
      7.07       8.49
      4.00       3.00
      4.00       5.00
      0.91      12.38
      0.51       9.58
      2.00       3.00
      3.00       5.00
      2.23      24.18
      3.00       3.00
      4.00       6.00
      4.00       2.00
     18.00      15.00
      6.00       6.00
      7.00       7.00
      3.00       8.00
      3.00       3.00
      9.00      12.00
     12.48      29.98
      7.00       8.00
      7.00       4.00
      2.00       4.00
      6.00       2.00
      7.00       6.00
      8.00       7.00
      7.18      41.08
      6.39      25.49
     12.00      18.00
     11.00      11.00
     10.43      56.05
      1.98      15.41
      5.00       6.00
     11.54      18.85
      9.00      12.00
     16.00      17.00
     11.83      20.37
      3.00       4.00
      0.52      15.64
      2.00       2.00
      1.00       6.00
      5.00       4.00
      6.00       6.00
     14.00      11.00
      7.05      23.43
      6.00       5.00
      4.00       4.00
      8.00      10.00
      8.00       6.00
      9.00      10.00
      3.00       3.00
      0.29      26.38
     15.00      13.00
      3.00       8.00
      2.00       8.00
      9.00      11.00
      0.79      14.38
      4.00       4.00
     12.00       9.00
     11.00      10.00
      3.00       2.00
      6.00       6.00
      0.52      12.91
      3.00       3.00
      0.47       8.99
      0.78      12.81
      7.28      34.55
      2.00       2.00
      7.00       8.00
      4.00       3.00
      0.94      18.97
      2.00       2.00
     14.00      13.00
      3.00       3.00
      4.00       5.00
      3.00       4.00
      7.00       7.00
      5.00       5.00
      1.00      21.33
      8.00       8.00
      7.21      19.14
      8.55      11.37
      4.00       2.00
      3.00       2.00
      4.00       6.00
     10.00      17.00
     13.04      84.52
      7.00       8.00
      6.00       8.00
      2.00       2.00
      5.00       8.00
      4.00       5.00
      2.00       2.00
      2.00      22.29
      6.00       6.00
      8.00       8.00
      1.00       7.00
      2.00       2.00
     10.77      34.04
      9.00       6.00
      3.00       1.00
     13.03      31.25
      3.00       4.00
      4.00       7.00
     18.00      19.00
      0.97      85.13
      9.00      12.00
     15.00      33.00
     11.63      15.21
      2.00       2.00
      9.00       7.00
      9.00       6.00
      8.00       9.00
      8.00       8.00
      8.00       9.00
      7.00       6.00
      6.00       6.00
     15.80      36.86
      0.81      88.58
      6.00       7.00
      3.00       4.00
      3.00       4.00
      1.38      15.57
      0.96      51.43
      9.00      18.00
      8.00       6.00
      2.00       2.00
      2.00       2.00
     14.00      21.00
      8.00       8.00
      3.00       4.00
      2.15      32.20
      2.00       2.00
      6.00       5.00
      0.55      11.36
      1.34      11.18
      2.00       2.00
      3.00       3.00
     15.62      32.02
     10.00       9.00
      1.00       8.31
      4.00       4.00
      3.00       6.00
     10.99      43.36
      9.84      15.65
      7.49      11.09
      1.00       3.00
      3.00       2.00
      2.00       3.00
      4.46      21.54
      3.00       4.00
     21.41      36.67
      0.45       8.50
      2.00       2.00
      3.00       4.00
     15.82      24.36
     15.00      13.00
     10.00       9.00
      5.00       3.00
      0.97      10.24
      2.00       3.00
      2.23      36.66
      7.27      46.99
      1.79      10.29
      1.00       7.00
      3.00       8.00
      1.00       6.00
     10.00      11.00
      8.00       8.00
     10.00      11.00
      2.00       5.00
      8.00      10.00
     10.00      11.00
      0.45      12.52
      2.00       2.00
      2.18      12.03
      1.00       8.00
      6.00       6.00
      2.00       2.00
      3.00       2.00
      4.00       4.00
      6.00      12.00
      8.00       8.00
      4.00       9.00
      2.00       2.00
      2.00       2.00
      5.00       6.00
     11.49      12.93
      7.00       7.00
      9.00       9.00
      2.00       3.00
     11.00      11.00
      1.98      18.36
      2.00       2.00
      2.00       2.00
      5.37      20.53
      6.08      45.06
      6.08      34.66
     19.00       7.00
      6.00       5.00
      7.77      11.45
      7.00       5.00
      4.00       3.00
     13.28      20.55
      7.00       7.00
      2.00       2.00
      3.00       3.00
      2.00       2.00
      2.00       3.00
      2.00       2.00
      4.00       9.00
      6.23      10.73
      5.00       6.00
      3.00       3.00
      5.00       5.00
      0.89      10.29
      5.00       8.00
      1.29       9.01
      6.00       4.00
      0.35      23.41
      9.41      77.41
      2.00       5.00
      2.00       2.00
      6.00       8.00
      2.00       2.00
      4.00       7.00
      4.00       3.00
      4.12      72.51
      5.00       7.00
      2.00       2.00
      7.16      13.86
      5.00       7.00
      6.91      13.55
      1.00       7.00
     11.00      10.00
     12.00       8.00
      2.00       2.00
      6.36      11.31
      3.00       2.00
      8.00       8.00
      7.00       5.00
      2.00       2.00
      2.00       4.00
      1.00      17.28
      4.00       3.00
     12.00       9.00
      2.00       2.00
      2.00       2.00
      1.00       6.00
      4.00       4.00
      2.00       2.00
      2.00       1.00
      4.00       8.00
      2.00       4.00
      3.00       3.00
      9.00       9.00
      2.00       1.00
      2.00       6.00
      3.15      18.24
      5.00       4.00
      3.00       2.00
      1.41      10.61
      9.00      11.00
     10.00      11.00
     10.00       9.00
      2.00       2.00
      2.00       2.00
      4.00       5.00
     32.56      68.87
     20.61      69.42
      5.00       4.00
      4.00       6.00
      5.00       4.00
      4.00       4.00
      7.78       8.49
     11.00      14.00
     23.26      58.22
     23.32      79.35
      5.00       3.00
     10.63      48.16
      4.00       4.00
      6.32      20.33
      5.00       6.00
     24.11      47.88
     10.00      10.00
      0.97      20.37
      0.83       8.88
      3.55      21.17
      8.68      13.84
      9.00       7.00
      6.00      10.00
      0.56      39.68
      4.00       4.00
      0.98      11.57
      3.00       3.00
      8.00      10.00
      5.00       5.00
      3.00       3.00
      0.99      82.34
      3.00       3.00
      7.00       7.00
     11.33      14.11
      5.54      12.59
      2.00       8.00
     11.00      10.00
      2.00       2.00
     10.00       8.00
      4.12      16.90
     11.00      11.00
      1.95      16.49
      3.00       2.00
      8.94      12.97
      2.00       2.00
     11.00       8.00
      0.49      12.63
      2.00       2.00
      3.00       3.00
      1.00       4.00
      6.00       6.00
      4.00       5.00
      0.99      28.60
      4.00       4.00
      4.00       4.00
      5.00       8.00
      2.00       2.00
      9.39      32.01
     10.00      14.00
     13.00      16.00
      6.00       5.00
     11.40      33.42
     11.00      15.00
      8.00       9.00
     17.49      32.24
     22.14      39.41
      6.00       6.00
      2.82      21.42
      4.00       4.00
      8.00       9.00
      6.70      27.31
      6.00       1.00
      2.00       4.00
     17.00      27.00
      7.00       6.00
      3.00       2.00
     17.89      37.12
     25.63      63.70
     21.89      29.86
      2.00       2.00
     14.00      21.00
      4.00       6.00
      3.00       3.00
     12.00      12.00
      5.00       7.00
     11.00      11.00
      6.00      10.00
      0.54      23.01
     11.00       9.00
      0.93      10.77
     10.00      11.00
      0.45       8.50
      2.00       2.00
      0.99      16.72
      5.00       3.00
      4.00       4.00
      9.15      14.42
      6.00       7.00
     13.00      13.00
      2.00       1.00
      3.00       7.00
      4.00       3.00
      3.00       6.00
      0.93      10.40
      4.00       2.00
      3.00       2.00
      7.00      10.00
      4.00       2.00
      5.00       2.00
      2.00       2.00
     11.00      10.00
      6.00       7.00
      2.00       5.00
     12.00      13.00
      1.00      25.16
     11.00      15.00
      2.00       2.00
      8.00       8.00
      8.00       8.00
      5.00       5.00
      4.95      12.73
      9.00       8.00
      4.00       4.00
      1.00      21.35
      2.00       2.00
      1.96      34.76
     10.31      40.98
      0.43      21.49
      3.00       3.00
      9.19      10.61
      8.60      17.47
      5.00       8.00
     13.00       9.00
      4.00       3.00
      0.99       9.62
      2.00       2.00
      2.00       3.00
      5.00       3.00
      4.00       4.00
      4.00       4.00
      3.00       3.00
      3.00       5.00
      2.00       2.00
      3.00       7.00
      2.00       3.00
      3.00       3.00
      1.00       8.00
      4.00       5.00
     10.32      10.57
     10.00      12.00
     10.00      11.00
      6.00       9.00
      2.00       2.00
      2.00       6.00
      2.00       3.00
      2.00       3.00
      4.00       5.00
      3.00       3.00
      2.00       3.00
      0.96       8.24
      2.00       9.00
      2.00       3.00
      2.00       3.00
      1.00       4.00
      3.00       4.00
      5.69       9.61
     11.00       9.00
     16.04      16.95
      9.00       9.00
      1.92      11.97
     10.00      11.00
      0.48      17.09
      7.00       6.00
      3.13      12.97
      2.00       2.00
      2.00       2.00
     11.00       9.00
      4.00       1.00
      2.00       7.00
      0.54      18.33
      8.00       9.00
      4.00       4.00
      4.00       5.00
      3.00       3.00
      3.00       3.00
     12.00      11.00
      8.00       8.00
      9.00      10.00
      3.00       3.00
      5.00       4.00
      2.00       2.00
      6.93       9.71
      3.00       3.00
      6.40      31.84
      6.71      41.98
      8.00       8.00
      0.99     128.23
     15.18      31.94
     13.04      19.70
      5.00       6.00
     10.00       8.00
      4.00       4.00
      5.00       5.00
      3.00       3.00
     10.00       9.00
      2.00       2.00
      0.66      13.45
      4.00       3.00
      2.00       2.00
      2.00       3.00
      2.00       5.00
      6.40      25.36
      6.00      11.00
      6.00       7.00
     14.86      37.61
      3.00       5.00
      6.28      28.55
     19.00      17.00
     10.62      38.11
      6.79      13.34
      5.00       5.00
      2.00       3.00
      2.00       2.00
      2.00       2.00
      6.00       6.00
      2.00       3.00
      4.71      12.16
      2.00       6.00
     11.00      10.00
     10.00       9.00
      4.11      17.08
     13.00      12.00
      9.00      10.00
      0.98      16.21
      8.49      14.14
      2.00       2.00
      0.71       9.90
      2.00       2.00
      5.00       6.00
      0.78      18.12
      4.00       3.00
      4.00       5.00
      1.00      18.19
      3.00       2.00
     12.16     422.65
     16.00      15.00
     10.00      10.00
      7.00       6.00
     13.00      16.00
      2.00       2.00
      5.00       4.00
      9.47      74.49
      2.00       2.00
      2.00       2.00
      6.00       6.00
      6.00       6.00
      2.00       4.00
      2.00       7.00
      2.00      13.00
      3.00      12.00
     11.00      10.00
     11.00       9.00
      2.22       9.71
      4.00       3.00
      6.36      13.44
      9.00       9.00
      0.34      15.88
      0.85      19.39
      5.00       5.00
      0.80      28.19
      7.00      10.00
      7.00       5.00
      3.00       2.00
      3.00       4.00
      0.89       9.84
      2.23      31.21
      7.00       6.00
      7.00       5.00
      1.00       6.00
      3.00       4.00
      7.00       8.00
      8.00       8.00
      3.00       3.00
      8.00       9.00
      9.71      14.14
      6.00       4.00
      4.00       4.00
     13.15      40.16
     18.00       8.00
      8.00       8.00
     34.06      90.17
     12.21      48.69
      9.00       9.00
      3.00       4.00
      5.00       3.00
      8.00       7.00
      2.00       3.00
      9.00      24.00
      3.00       3.00
      4.00       3.00
      0.86      16.12
      2.00       2.00
      0.76      14.86
      3.00       4.00
      3.00       3.00
      7.60       9.84
      0.95      19.29
      3.00       3.00
      0.34      14.19
      3.00      17.00
      3.00       6.00
      7.00       4.00
     10.00      10.00
      5.00       5.00
      7.00       2.00
      5.00       5.00
      9.89      16.35
      2.00       2.00
      2.00       3.00
      1.00       7.00
     12.00      12.00
      3.00       4.00
      7.00       6.00
      6.13       9.84
     19.00      20.00
      7.00       6.00
      3.00       4.00
      2.00       2.00
      0.83      10.82
      2.00       2.00
      2.00       2.00
      1.00      10.00
      9.00       9.00
      0.97      12.90
     20.34      21.40
     10.00       9.00
      9.00      10.00
     11.42      16.46
      8.00       8.00
      0.99      16.94
      2.77      13.59
     11.00       8.00
      2.00       2.00
      2.00       3.00
      0.99      22.53
      7.21      19.42
      7.00       8.00
      1.00      28.53
      5.00       5.00
     10.00      12.00
     10.00       8.00
     16.00       7.00
      2.00       2.00
     11.00      12.00
      4.00       4.00
     11.00       9.00
      0.92      12.21
      3.00       5.00
      2.00       5.00
      1.00      13.02
      2.00       2.00
      2.00       4.00
     16.00       7.00
      8.06      43.25
      2.00       2.00
      2.00       2.00
      2.00       2.00
      8.00      10.00
      0.24      25.95
      7.00       8.00
      7.00       7.00
      3.00      10.00
      4.00       3.00
      4.90      12.12
      1.00       4.00
     12.16      29.06
      9.19      10.61
      9.00      10.00
      9.10      14.11
      9.90      10.61
      2.00       3.00
      2.88      13.99
      3.00       3.00
      7.78       9.19
      0.66      14.69
      4.00       2.00
      2.00       3.00
     20.82      27.12
      7.00       9.00
      4.00       3.00
      2.00       2.00
      2.96      25.48
      7.00       5.00
      5.00       4.00
      5.00       3.00
     11.00       8.00
     10.90      26.83
      4.00       5.00
      6.99      52.37
      6.00       7.00
      1.40      33.85
      2.00       2.00
      3.00      12.00
      1.00       5.00
      8.00      10.00
      9.00       9.00
     12.00      12.00
      2.00      15.08
      4.00       2.00
     10.00       9.00
      4.00       3.00
      2.00       5.00
     18.00      16.00
      0.49      15.75
      1.00       8.00
      8.00       9.00
      2.00       2.00
      3.00       2.00
      7.00       6.00
      8.57      29.59
      5.00       4.00
      2.00       3.00
     13.81      92.38
      2.24      12.07
      9.00      12.00
      4.00      10.00
     22.35      81.16
      3.00      12.00
     11.00       9.00
      3.00       6.00
     10.00       8.00
      9.00      13.00
      6.00       7.00
      2.00       2.00
     14.27      19.17
      8.00       9.00
      2.00       2.00
      2.00       2.00
      3.13      12.52
      4.00       4.00
     10.29      28.29
     11.92      18.44
     18.00      16.00
      3.00       3.00
      2.00       4.00
      5.00       3.00
      4.99      39.89
     10.00      10.00
     14.51      40.44
      3.00       3.00
      2.00       2.00
      3.00       2.00
      7.00      10.00
      3.00       3.00
      0.94      10.42
      0.99       9.53
      3.00       3.00
      2.00       2.00
      2.00       3.00
     17.00      15.00
      6.36       7.07
     20.00      18.00
     14.72      24.53
      1.97      20.28
     18.03      24.68
      2.00       2.00
      6.00       5.00
      5.00       9.00
      1.41       8.49
      4.00       7.00
      2.00       4.00
      3.54      12.02
      5.00       7.00
     12.26      70.24
     12.00      17.00
      3.00       4.00
      0.99      16.25
      8.88       6.66
      5.00       2.00
      2.00       2.00
     10.00      13.00
      2.00       2.00
     26.17      49.03
      0.55      22.47
      7.00       7.00
      2.21      14.17
      2.00       2.00
      0.99      32.26
      0.40     116.26
     10.00      10.00
      4.00       4.00
      1.00       7.00
      0.46      42.51
      2.00       2.00
      1.41      11.31
      2.00       2.00
      1.34       6.71
      0.72      18.40
      3.00       5.00
      0.53      21.82
      2.00       3.00
      2.00       4.00
      2.00       2.00
      3.00       3.00
      3.00       8.00
      2.00       3.00
      2.00       2.00
      2.00       2.00
      2.00       2.00
      3.00       5.00
      4.00       5.00
      3.00       4.00
      3.00       4.00
      5.00       5.00
      7.00       8.00
      3.00       4.00
      5.00       5.00
      9.00       8.00
      3.00       2.00
     20.00      18.00
      2.00       3.00
      7.00       2.00
      2.00       2.00
      1.00       8.00
      0.71       8.49
      2.00       2.00
      3.00       2.00
      2.00       2.00
     20.50      37.49
      7.00       8.00
      0.66       8.65
      2.00       2.00
      2.00       2.00
      3.00       2.00
      2.00       2.00
      1.00      13.00
      3.00       3.00
      3.00       2.00
      3.00       3.00
      1.00      20.99
      5.00       3.00
      2.00       2.00
      7.00       3.00
      2.00       3.00
     12.00      10.00
      3.00       3.00
      4.00       5.00
      3.00       7.00
      2.00       4.00
      2.00       2.00
      1.30      14.67
      0.82      24.55
      2.00       2.00
      0.93      15.21
      3.00       5.00
      3.00       2.00
      3.00       4.00
     10.00      10.00
      2.00       5.00
      0.90      17.01
      5.00       6.00
      2.00       2.00
      1.00       9.00
      4.00       4.00
      2.00       3.00
      3.00       3.00
     26.62      49.88
     14.00      24.00
      4.00       5.00
      8.04      95.08
      6.00       9.00
      3.00       5.00
      0.91      17.82
      4.47      15.32
      2.00       2.00
      8.00       7.00
     16.00      12.00
      8.00       9.00
      2.00       2.00
      0.57      28.02
      7.00       8.00
      5.00       6.00
      9.00      10.00
      2.00       8.00
      2.00       2.00
      7.16      10.73
      8.00       6.00
      2.00       2.00
      9.00       9.00
      6.00       7.00
      6.69      21.22
      3.00       2.00
      0.45       9.39
      6.00       6.00
      0.94      21.78
      4.00       4.00
      3.00       2.00
      9.00       9.00
      3.00       3.00
      8.00       7.00
     17.00      19.00
     10.00      11.00
      0.45      11.63
     14.85      24.04
      6.00       7.00
      8.54      12.44
      8.04      11.93
      3.00       3.00
      2.00       3.00
     19.00      17.00
     48.01      78.86
      8.25     111.56
      5.77      11.14
     11.00      13.00
     14.00      16.00
      1.00       8.00
      4.46      15.78
      8.00       8.00
     10.40      10.03
      5.00       2.00
      7.00       7.00
      2.00       2.00
      5.23      11.81
      4.24      12.73
      5.00       6.00
      3.57      24.70
      3.00       3.00
      3.57      31.88
      6.00       5.00
     16.28      35.94
      4.00       3.00
      8.92      28.33
     10.29      15.21
      5.66       6.36
     17.07      16.11
      3.00       2.00
      3.00       3.00
      4.00       3.00
      8.12      12.79
      2.00       2.00
     13.00      15.00
     11.00      11.00
      6.00       6.00
     32.00      45.00
      5.00       4.00
      2.00       2.00
     28.28      39.98
     11.00       9.00
      2.00       2.00
      8.00       8.00
      4.00       2.00
      9.00      10.00
      4.00       3.00
      4.00       5.00
     13.35      13.03
      5.00       7.00
      3.00       4.00
      2.00       2.00
      4.00       3.00
      0.96       7.28
      2.00       2.00
      9.00       9.00
     11.89      10.22
      4.00       5.00
      0.84      45.43
      4.00       5.00
     14.00      16.00
      2.00       2.00
     10.91      20.37
      2.22      13.04
      2.00       3.00
     12.00      17.00
      6.00       5.00
     14.00       7.00
      2.00       2.00
      0.93      12.83
     10.00       8.00
      9.72      18.25
     10.63      37.79
     11.00       8.00
     25.23      38.34
      9.00      10.00
      7.00      12.00
      4.00       4.00
     12.00      11.00
     10.44      20.50
     12.07      16.10
     10.00       9.00
      7.00       6.00
      0.89      12.97
      2.00       5.00
     16.27      34.43
      5.00       6.00
      9.00       9.00
      5.00       5.00
      2.00       2.00
      5.00      20.00
      9.00      15.00
     13.59      13.87
      2.12      10.61
      9.84      13.74
      5.00       5.00
      0.97      27.88
      7.00       8.00
      9.00       7.00
      9.00       9.00
     11.00      10.00
      1.41      10.62
      6.00       6.00
     11.00      16.00
     19.00      20.00
      6.00       6.00
      3.00       3.00
      4.95       7.07
      4.00       3.00
      9.16      21.07
     21.00      20.00
      8.00       7.00
      2.00       3.00
      4.00       2.00
      2.00       2.00
      0.87      25.03
      6.00       6.00
      4.00       2.00
      4.00       2.00
     34.13      52.71
      4.00       2.00
      6.00       7.00
      3.00       4.00
      8.00       6.00
      0.81      21.56
      9.48      21.46
      4.00       3.00
      7.00       7.00
      1.34      12.97
      8.00       8.00
      2.00       3.00
     11.00      19.00
     11.00      12.00
      0.90       8.92
      3.00       2.00
      8.34      15.59
      9.00      11.00
      9.00      13.00
      7.00       7.00
     11.00      12.00
      7.00       8.00
      8.60      18.86
     17.00      15.00
      2.00      11.00
      4.00       2.00
      1.00       4.00
      2.00       2.00
      0.83       6.38
      2.00       2.00
      3.00       2.00
      1.00       3.00
      3.00       4.00
      2.00       2.00
      6.69       9.84
      0.71       7.78
      8.00       7.00
      5.00       4.00
     19.00      18.00
      6.00       6.00
      3.00       3.00
      3.00       8.00
      3.00       3.00
      3.00       3.00
      7.00       7.00
      6.00       6.00
      7.00       7.00
      8.00       8.00
      2.00       4.00
      2.00       2.00
      8.00       7.00
      3.00       3.00
     11.00      11.00
     12.00      14.00
      1.87      19.44
      8.00       7.00
     10.00      11.00
      6.24      15.02
      3.16      21.02
     13.42      14.31
      9.00       7.00
      7.00      10.00
     16.80      22.02
      7.00       7.00
      4.00       2.00
      8.00      10.00
      1.41       8.49
      2.00       2.00
      0.69      25.53
     10.00       9.00
      1.00       5.00
      3.00       3.00
      3.00       2.00
      4.00       4.00
      8.00       8.00
      3.00       7.00
     18.11      27.15
     19.68      27.28
     10.00      11.00
      3.00       5.00
      5.00       7.00
      5.00       5.00
      1.00       5.00
      8.50      12.52
      4.00       6.00
      7.62     116.78
     11.00      13.00
      9.00      11.00
      4.00       3.00
      6.00       6.00
     27.07     112.16
     15.00      15.00
      4.00       5.00
     13.00      16.00
      2.00       3.00
      3.00       3.00
      9.19      12.02
      6.00       4.00
     17.80      31.40
     22.20      50.60
      5.82       7.21
      3.00       3.00
     17.89      31.75
      8.00       9.00
      6.36      15.56
      8.00       8.00
      0.71       7.78
      9.00       8.00
      6.13       9.84
      1.99      18.24
      0.90      23.20
     10.00      12.00
      7.00       7.00
     12.00      11.00
     10.00      11.00
     15.65      22.09
      7.00       7.00
      4.00       5.00
      9.00       9.00
      0.83      15.53
      8.00       9.00
      6.00       7.00
      2.00       1.00
      5.00       5.00
      1.00      22.37
      2.00       2.00
      8.00       6.00
      9.00       8.00
      5.00       4.00
      9.12       9.22
      0.64      19.84
     11.69      52.28
     32.00       8.00
     13.00       8.00
     20.00      23.00
      0.99      12.30
     17.00      19.00
     13.00       8.00
      2.00       2.00
      5.00       4.00
     12.00      10.00
      2.00       2.00
     15.00      14.00
     13.00      13.00
     11.00       7.00
      7.00       4.00
      8.00       6.00
      7.00       7.00
      1.00       9.00
      6.00      10.00
     11.00      14.00
      1.41      14.14
      9.00       8.00
      5.00       5.00
      8.00      10.00
     10.00      10.00
     12.00       5.00
     14.97      21.58
      6.00       7.00
      2.00       2.00
      9.00      12.00
      1.00       3.00
      1.00       3.00
      8.00       3.00
     16.06      22.89
      6.00       7.00
      0.71       7.07
      3.00       3.00
      2.00       4.00
      4.00       5.00
      4.00       4.00
      1.00      11.13
      8.00       7.00
      7.99     116.27
      1.98      42.04
     10.55      34.46
     14.00      16.00
      3.00       2.00
      3.00       2.00
      8.00       7.00
      2.97      38.47
      4.41      18.22
      7.00       8.00
     25.00      35.00
      6.00       6.00
      7.00       6.00
      6.00       6.00
      6.36      14.14
      3.61      12.20
      8.00       7.00
     12.00      11.00
     10.00       9.00
      9.00      11.00
      4.12      16.25
      7.00       6.00
      2.00       2.00
      4.00       2.00
     10.26      49.65
      7.00       6.00
      7.00       7.00
      2.00       2.00
      0.99      14.57
      2.00       2.00
      6.36       7.07
      2.00       2.00
      7.00       8.00
     10.00      11.00
      1.00      25.33
      9.00       8.00
      6.00       5.00
      8.00       6.00
     10.00      12.00
      9.39      29.09
      6.00       6.00
      5.00       3.00
     19.80      33.94
      6.71      17.95
      2.00       3.00
      7.00       6.00
      1.00       3.00
      1.00       3.00
     12.96      12.41
     10.00       8.00
      9.00      10.00
     12.00      10.00
      7.00       6.00
      0.92      14.15
      3.00       3.00
      0.93      12.07
      3.00       3.00
      7.00       8.00
      0.59      31.30
      6.00       4.00
      0.53      20.57
      4.00       4.00
      7.61      36.76
      1.00       8.00
      1.00       4.00
     11.09      19.97
      0.33      13.65
      8.54      33.55
      5.00       4.00
      2.00       2.00
      5.00       3.00
     16.71      46.61
     19.27      38.01
      3.00       2.00
      3.00       2.00
      1.39       9.99
     12.00       7.00
      5.00       4.00
     12.00      11.00
      9.00      23.00
      5.00       5.00
      2.00       2.00
      1.41       9.22
      6.00       5.00
      4.00       9.00
     17.00      12.00
      4.00       6.00
      7.00       8.00
      2.00       2.00
      2.00       4.00
      3.00      11.00
      2.10      12.60
     11.31      15.56
     10.00       8.00
     10.77      16.71
      0.98      20.40
      6.00       7.00
      3.00       2.00
      2.00       2.00
      2.00       2.00
     15.18      12.97
      6.00       4.00
      9.00       7.00
      7.00       7.00
     15.56      22.63
      7.21      21.63
      3.00       4.00
      2.00       2.00
      3.00       4.00
      6.00       9.00
      1.00       7.00
      2.00       4.00
      2.99      22.26
      2.00       2.00
      2.00       2.00
     11.00      10.00
      2.00       3.00
      2.00       2.00
      4.00       4.00
      2.00       2.00
      5.00       6.00
      2.00       7.00
      0.81      11.97
      2.00       2.00
      2.00       2.00
      3.00       2.00
      3.00       4.00
      1.00       7.00
     11.18      40.45
      1.41       9.08
      8.00      10.00
      3.00       2.00
      5.00       8.00
      3.00       3.00
      2.12       9.90
      2.00       5.00
      1.00       8.00
      2.18       8.71
     11.99      47.22
      1.00       3.00
      3.00       2.00
      5.00       2.00
      4.00      15.00
      2.00       2.00
      8.94      10.73
      5.00       2.00
     10.82      28.52
      0.86      18.51
      6.00       8.00
      5.00       4.00
      2.00      15.00
      2.00       2.00
      2.00       2.00
     10.00      44.12
      8.00       8.00
      2.00       3.00
      4.00       6.00
      0.93       9.84
      3.60      19.76
      4.00       4.00
      3.00       2.00
      0.71       6.36
      2.00       4.00
      8.00       5.00
      5.00      12.00
      4.00       4.00
      7.57      56.36
      0.65      10.63
      2.00       4.00
      3.00       4.00
      0.87      33.02
     12.42      19.85
      2.00       2.00
     10.00      35.11
      8.00      15.00
      9.00      11.00
     16.49      65.25
      6.00       6.00
      9.00       9.00
      5.81       8.05
      2.00       2.00
     12.00       7.00
      7.77      31.06
     13.34      62.31
      8.00       9.00
      6.00       4.00
      7.00       6.00
     12.00      15.00
      4.00       2.00
      7.00       8.00
      8.00       8.00
     23.57      23.94
      7.00       5.00
     12.40      18.88
      3.00       3.00
      9.00      11.00
      2.00       2.00
      3.00       2.00
      3.00       2.00
      6.00       7.00
     12.00      12.00
     11.00      11.00
      2.22      24.93
      5.00       4.00
      6.00       6.00
      2.00       6.00
      4.00       9.00
      6.00      14.00
      8.00       7.00
      7.00       5.00
      0.75      11.78
      1.98      24.80
      7.00       7.00
      7.00       6.00
      6.00       4.00
      6.00       6.00
      3.00       3.00
      0.84      21.09
      2.00       3.00
     15.81      20.55
      9.58      17.46
     10.00      11.00
      9.00       9.00
     12.00      15.00
      8.00       6.00
     10.00      11.00
      2.00       2.00
      6.00       4.00
      4.02       5.37
      9.00       4.00
      3.00       3.00
      7.07      76.55
      0.99      50.48
      4.00       4.00
      7.00       7.00
      9.00      10.00
      9.00       9.00
      0.97      21.00
      2.00       2.00
      5.00       5.00
      4.95      13.44
      4.01      20.94
      5.00       6.00
      9.00      10.00
      4.00       3.00
      7.28      15.42
     12.00       9.00
     10.00       9.00
      0.88      10.36
     16.74      25.24
      6.00       7.00
      4.00       5.00
      5.00       4.00
      0.84      20.80
      6.00       7.00
      6.32      20.05
      0.98      17.46
      0.92       9.70
      9.00       8.00
      1.92      13.87
      4.00       5.00
      7.00       7.00
      1.00       2.00
      2.00       3.00
      2.00       9.00
      1.00       4.00
      9.00       9.00
      7.00       8.00
     12.19      16.53
     14.26      22.25
      3.00       6.00
      8.00       6.00
      2.00       2.00
      8.00       9.00
     11.13      17.27
     10.09      11.46
      5.00       4.00
      8.94      17.89
      5.81       8.94
      3.00       2.00
      2.00       2.00
      4.54      10.28
      2.00       2.00
      4.12      16.19
     16.62     145.49
      4.00       5.00
      9.00      10.00
      2.00       2.00
      5.98      12.02
      9.00       8.00
      3.00       5.00
      2.00       5.00
      2.00       2.00
      2.00       2.00
      7.00       8.00
      1.00      20.25
      5.97      45.59
      7.00       4.00
      2.00       4.00
      1.00       6.00
      3.00       2.00
      4.00       3.00
      4.00       3.00
      0.77       7.67
      2.00       2.00
      8.00      10.00
      2.00       2.00
      0.49      31.97
      4.00       6.00
      9.00      11.00
      2.00       3.00
      2.00       5.00
      7.00       7.00
      4.00       4.00
      9.00       8.00
     10.80      15.22
      9.00      10.00
      6.00       5.00
      1.41      12.02
      0.67       9.15
      7.00       4.00
      3.00       5.00
      0.95      24.90
      7.00       3.00
      5.00       3.00
      5.00      13.00
      0.42      11.51
      3.00       1.00
      0.94       9.60
      4.00       2.00
      2.00       2.00
      2.00       3.00
      2.00       2.00
      2.00       2.00
      2.00       4.00
      3.00       2.00
      5.00       4.00
     19.88      32.23
      2.00       2.00
      5.00       8.00
     13.31      18.03
      2.00       2.00
      5.00       7.00
      2.00       2.00
      3.00       3.00
      3.00       4.00
      4.00       3.00
      5.00       3.00
      9.00       9.00
      1.00       2.00
      2.00       3.00
      4.00       4.00
      0.96      10.99
      1.39      11.09
      6.00       7.00
      2.00       2.00
      1.00       3.00
      0.96      13.87
      7.00       7.00
      8.00       8.00
      5.00       6.00
      6.00       6.00
      2.00       2.00
      3.00       3.00
     11.00      23.00
      0.96       9.10
      4.00       6.00
      7.00       6.00
      2.00       2.00
      9.00       6.00
      5.00       5.00
      9.00       8.00
